2 1 40 399 108 103 -1 -1 -1 -1 
2 2 97 293 108 76 -1 -1 -1 -1 
2 3 840 309 72 58 -1 -1 -1 -1 
2 4 676 402 104 100 -1 -1 -1 -1 
2 5 817 219 42 32 -1 -1 -1 -1 
2 6 729 176 31 24 -1 -1 -1 -1 
2 7 655 258 52 58 -1 -1 -1 -1 
2 8 553 169 34 30 -1 -1 -1 -1 
3 1 39 400 109 105 -1 -1 -1 -1 
3 2 97 293 107 75 -1 -1 -1 -1 
3 3 836 307 71 56 -1 -1 -1 -1 
3 4 676 401 104 100 -1 -1 -1 -1 
3 5 815 217 42 33 -1 -1 -1 -1 
3 6 729 178 30 23 -1 -1 -1 -1 
3 7 654 258 53 59 -1 -1 -1 -1 
3 8 554 169 35 31 -1 -1 -1 -1 
4 1 38 401 111 107 -1 -1 -1 -1 
4 2 98 293 106 75 -1 -1 -1 -1 
4 3 827 295 80 64 -1 -1 -1 -1 
4 4 675 400 102 97 -1 -1 -1 -1 
4 5 812 215 45 35 -1 -1 -1 -1 
4 6 729 178 29 22 -1 -1 -1 -1 
4 7 653 258 54 59 -1 -1 -1 -1 
4 8 554 171 34 30 -1 -1 -1 -1 
5 1 37 402 112 108 -1 -1 -1 -1 
5 2 98 294 106 74 -1 -1 -1 -1 
5 3 826 294 78 62 -1 -1 -1 -1 
5 4 673 394 105 101 -1 -1 -1 -1 
5 5 810 215 45 35 -1 -1 -1 -1 
5 6 728 176 30 23 -1 -1 -1 -1 
5 7 654 259 52 59 -1 -1 -1 -1 
5 8 554 173 33 29 -1 -1 -1 -1 
